{
        "calibration": [
            {
                "calibration": "lidar_01_to_camera_01",
                "calibration_type": "extrinsic",
                "T": [
                    [
                        -0.01060616574196438,
                        -0.9999265363244972,
                        0.005867810694584863,
                        -0.18763362868034883
                    ],
                    [
                        -0.28049220809429787,
                        -0.0026574818698613667,
                        -0.9598526235774407,
                        -0.07940385150400564
                    ],
                    [
                        0.9597977028763085,
                        -0.011826231191924885,
                        -0.28044341641257353,
                        0.606170625056258
                    ]
                ]
            },
            {
                "calibration": "radar_01_to_camera_01",
                "calibration_type": "extrinsic",
                "T": [
                    [
                        0.003560893679251942,
                        -0.9999922876343801,
                        -0.0016567160179163376,
                        -0.3934223431499353
                    ],
                    [
                        -0.2591433611654492,
                        0.0006773435964871899,
                        -0.9658386301911543,
                        -0.08962533078300483
                    ],
                    [
                        0.9658323034564946,
                        0.003868575630804616,
                        -0.25913895060856873,
                        0.5297143493109822
                    ]
                ]
            },
            {
                "calibration": "lidar_01_to_ground",
                "calibration_type": "extrinsic",
                "T": [
                    [
                        1.0,
                        0.0,
                        0.0,
                        0.0
                    ],
                    [
                        0.0,
                        1.0,
                        0.0,
                        0.0
                    ],
                    [
                        0.0,
                        0.0,
                        1.0,
                        3.5
                    ]
                ]
            },
            {
                "calibration": "radar_01_to_lidar_01",
                "calibration_type": "extrinsic",
                "T": [
                    [
                        0.9996941570607065,
                        0.009130165754541748,
                        0.02298330724629723,
                        -0.04780301733592651
                    ],
                    [
                        -0.009280446155214466,
                        0.9999361944338339,
                        0.0064405264025497976,
                        0.06282533294843873
                    ],
                    [
                        -0.022923037709764237,
                        -0.006651851958392243,
                        0.9997151030206959,
                        0.04140245544273835
                    ]
                ]
            },
            {
                "calibration": "camera_01",
                "calibration_type": "intrinsic",
                "k": [
                    [
                        1377.000364,
                        0,
                        968.488266
                    ],
                    [
                        0,
                        1378.269269,
                        589.9532
                    ],
                    [
                        0,
                        0,
                        1
                    ]
                ],
                "D": [
                    -0.142604,
                    0.0957,
                    0.000602,
                    0.00019,
                    0
                ]
            },
            {
                "calibration": "camera_01_to_ground_homography",
                "calibration_type": "extrinsic",
                "T": [
                    [
                        -0.0011116188489407844,
                        0.026869619822291385,
                        -42.259923673233416
                    ],
                    [
                        0.024568816841145803,
                        0.0023371001427924965,
                        -23.744663632108114
                    ],
                    [
                        -0.00014643771798894428,
                        -0.005733229608208653,
                        1.0
                    ]
                ]
            }
        ]
    }
