{
        "calibration": [
            {
                "calibration": "lidar_01_to_camera_01",
                "calibration_type": "extrinsic",
                "T": [
                    [
                        -0.016576377855541113,
                        -0.9997869451264421,
                        -0.01229992080977671,
                        -0.16003418195630256
                    ],
                    [
                        -0.27912828567000253,
                        0.016439753408357127,
                        -0.9601130843014263,
                        -0.1305253314560093
                    ],
                    [
                        0.9601107351947044,
                        -0.012481941459919654,
                        -0.2793413275927416,
                        0.39957534919216187
                    ]
                ]
            },
            {
                "calibration": "radar_01_to_camera_01",
                "calibration_type": "extrinsic",
                "T": [
                    [
                        -0.00993517422743262,
                        -0.9999164011998806,
                        -0.00827544104868333,
                        -0.12299171828766955
                    ],
                    [
                        -0.264021524626202,
                        0.010605305743143445,
                        -0.9644584812339774,
                        0.009373172236788463
                    ],
                    [
                        0.964465617244662,
                        -0.007397168483557148,
                        -0.2641048183038307,
                        0.0856897612684051
                    ]
                ]
            },
            {
                "calibration": "lidar_01_to_ground",
                "calibration_type": "extrinsic",
                "T": [
                    [
                        1.0,
                        0.0,
                        0.0,
                        0.0
                    ],
                    [
                        0.0,
                        1.0,
                        0.0,
                        0.0
                    ],
                    [
                        0.0,
                        0.0,
                        1.0,
                        3.5
                    ]
                ]
            },
            {
                "calibration": "radar_01_to_lidar_01",
                "calibration_type": "extrinsic",
                "T": [
                    [
                        0.9998859769395414,
                        0.0077470215516610395,
                        0.012962128557306609,
                        -0.08969012359321837
                    ],
                    [
                        -0.007694231333946245,
                        0.9999619214633256,
                        -0.004117575445968949,
                        -0.00587873646924475
                    ],
                    [
                        -0.012993533924139482,
                        0.0040173723317146635,
                        0.9999075101206665,
                        -0.15218252678750677
                    ]
                ]
            },
            {
                "calibration": "camera_01",
                "calibration_type": "intrinsic",
                "k": [
                    [
                        1377.000364,
                        0,
                        968.488266
                    ],
                    [
                        0,
                        1378.269269,
                        589.9532
                    ],
                    [
                        0,
                        0,
                        1
                    ]
                ],
                "D": [
                    -0.142604,
                    0.0957,
                    0.000602,
                    0.00019,
                    0
                ]
            },
            {
                "calibration": "camera_01_to_ground_homography",
                "calibration_type": "extrinsic",
                "T": [
                    [
                        0.0027962387676521696,
                        0.004095247399059853,
                        -34.528667623015416
                    ],
                    [
                        0.022272524972934485,
                        8.453316457541331e-05,
                        -21.00772642655522
                    ],
                    [
                        0.00022161034060485133,
                        -0.006536558392347629,
                        1.0
                    ]
                ]
            }
        ]
    }

